"species","x","y","bio_03","bio_07","bio_08","bio_10","bio_16","bio_18"
"species",1,1,39,288.989990234375,96.620002746582,239.5,223.470001220703,36.0499992370605
"species",2,2,37.0299987792969,263.869995117188,101.970001220703,239.789993286133,308.269989013672,48.4199981689453
"species",3,3,36.7900009155273,257.160003662109,89.7300033569336,225.490005493164,336.859985351562,53.060001373291
"species",4,4,37,265.130004882812,98.8600006103516,237.660003662109,299.829986572266,47.8600006103516
"species",5,5,36.9599990844727,268.489990234375,97.5699996948242,238,290.799987792969,47.1100006103516
"species",6,6,36.060001373291,302.75,89.2600021362305,246.919998168945,171.210006713867,33.3600006103516
"species",7,7,36.4000015258789,305.540008544922,81.7900009155273,239.279998779297,201.929992675781,36.8499984741211
"species",8,8,36.0699996948242,289.010009765625,89.4499969482422,241.830001831055,204.550003051758,38.2200012207031
"species",9,9,39.0588188171387,151.682403564453,112.30590057373,184.952896118164,388.094085693359,136.800003051758
"species",10,10,39.0206184387207,151.804092407227,111.670097351074,183.721603393555,389.989685058594,139.680404663086
"species",11,11,38.2700004577637,162.399993896484,99.0699996948242,177.320007324219,459.609985351562,153.649993896484
"species",12,12,38.4218788146973,156.8125,107.984397888184,184.9375,441.4375,141.546905517578
"species",13,13,38.1599998474121,163.020004272461,97.6699981689453,176.880004882812,475.049987792969,154.029998779297
"species",14,14,40.1699981689453,172.910003662109,93.8399963378906,180.949996948242,611.080017089844,137.580001831055
"species",15,15,39.8461494445801,163.109893798828,107.747299194336,191.164794921875,548.670288085938,128.29670715332
"species",16,16,38.3846206665039,158.923095703125,107.11540222168,190.346206665039,552.089721679688,136.948699951172
"species",17,17,40.2299995422363,174.880004882812,100.720001220703,189.789993286133,569.719970703125,128.199996948242
"species",18,18,39.8199996948242,176.619995117188,90.7900009155273,183.440002441406,621.929992675781,140.729995727539
"species",19,19,39.0769195556641,167.813201904297,102.527496337891,190.439605712891,581.494506835938,136.252700805664
"species",20,20,38.0441207885742,165.867599487305,100.382400512695,187.985305786133,584.191223144531,145.426498413086
"species",21,21,40.1300010681152,190.149993896484,101.940002441406,197.070007324219,529.72998046875,121.610000610352
"species",22,22,39.9099998474121,187.539993286133,100.230003356934,196.039993286133,549.909973144531,127.400001525879
"species",23,23,39.2700004577637,185.75,96.5100021362305,192.589996337891,573.809997558594,134.910003662109
"species",24,24,38.9300003051758,195.059997558594,86.2600021362305,185.809997558594,589.809997558594,149.130004882812
"species",25,25,41.0200004577637,168.679992675781,105.959999084473,190.160003662109,537.919982910156,120.319999694824
"species",26,26,40.9199981689453,176.289993286133,102.139999389648,191.240005493164,543.090026855469,121.209999084473
"species",27,27,39.5800018310547,206.699996948242,81.0899963378906,185.039993286133,569.599975585938,139.949996948242
"species",28,28,39.1500015258789,204.940002441406,76.0999984741211,179.490005493164,582.97998046875,147.279998779297
"species",29,29,38.7299995422363,204.240005493164,68.4100036621094,171.020004272461,600.47998046875,156.809997558594
"species",30,30,39.5499992370605,221.630004882812,81.4400024414062,192.570007324219,496.910003662109,125.830001831055
"species",31,31,39.0900001525879,217.229995727539,75.2300033569336,185.080001831055,524.159973144531,136.539993286133
"species",32,32,38.9500007629395,225.860000610352,71.5800018310547,185.610000610352,508.549987792969,126.25
"species",33,33,39.2099990844727,228.619995117188,83.1100006103516,198.220001220703,455.109985351562,114.849998474121
"species",34,34,39.0200004577637,220.570007324219,85.5199966430664,198.449996948242,449.040008544922,122.25
"species",35,35,38.0299987792969,227.100006103516,58.25,174.770004272461,527.450012207031,126.680000305176
"species",36,36,38.4500007629395,230.600006103516,64.5599975585938,182.479995727539,494.399993896484,121.160003662109
"species",37,37,38.9099998474121,236.570007324219,75.870002746582,197.080001831055,430.489990234375,108.059997558594
"species",38,38,38.7700004577637,233.130004882812,75.9599990844727,195.839996337891,430.059997558594,112.050003051758
"species",39,39,38.3600006103516,234.399993896484,62.5800018310547,182.869995117188,485.320007324219,114.959999084473
"species",40,40,38.2299995422363,233.429992675781,62.8800010681152,182.440002441406,480.829986572266,118.389999389648
"species",41,41,38.6800003051758,238.149993896484,71.6500015258789,194.050003051758,429.230010986328,106.940002441406
"species",42,42,37.9799995422363,239.979995727539,78.5999984741211,203.529998779297,381.839996337891,96.9899978637695
"species",43,43,38.6300010681152,217.149993896484,60.8600006103516,171.059997558594,583.549987792969,136.130004882812
"species",44,44,37.8800010681152,218.910003662109,46.6300010681152,164.960006713867,599.950012207031,133.460006713867
"species",45,45,39.5999984741211,229.679992675781,71.8099975585938,187.419998168945,515.650024414062,115.870002746582
"species",46,46,38.8400001525879,223.440002441406,63.6699981689453,176.949996948242,550.599975585938,128.529998779297
"species",47,47,38.4799995422363,231.029998779297,63.1199989318848,181.229995727539,510.480010986328,118.5
"species",48,48,37.3899993896484,227.929992675781,53.2900009155273,171.690002441406,529.47998046875,123.080001831055
"species",49,49,38.4599990844727,164.800003051758,98.5299987792969,177.759994506836,461.239990234375,156.119995117188
"species",50,50,38.939998626709,160.440002441406,104.860000610352,181.449996948242,430.470001220703,150
"species",51,51,38.2099990844727,173.649993896484,94.2399978637695,177.690002441406,490.950012207031,162.190002441406
"species",52,52,39.5699996948242,161.889999389648,106.290000915527,183.5,427,149.529998779297
"species",53,53,38.0900001525879,178.720001220703,91.9400024414062,177.789993286133,502.529998779297,164.800003051758
"species",54,54,38.7999992370605,173.639999389648,95.4599990844727,178.610000610352,478.450012207031,161.270004272461
"species",55,55,39.7000007629395,163.820007324219,106.110000610352,184.470001220703,428.790008544922,149.210006713867
"species",56,56,37.8499984741211,189.229995727539,95.5100021362305,186.339996337891,501.890014648438,159.559997558594
"species",57,57,39.4300003051758,177.550003051758,92.25,176.699996948242,478.429992675781,163.979995727539
"species",58,58,40.5301208496094,164.505996704102,104.578300476074,183.012100219727,424.120513916016,149.566299438477
"species",59,59,38.4799995422363,189.440002441406,94.9599990844727,185.330001831055,486.600006103516,158.990005493164
"species",60,60,38.9700012207031,185.779998779297,92.5599975585938,180.919998168945,484.119995117188,162
"species",61,61,39.7400016784668,178.869995117188,93.8000030517578,178.910003662109,468.589996337891,160.759994506836
"species",62,62,41.0099983215332,165.479995727539,103.769996643066,182.910003662109,421.790008544922,148.869995117188
"species",63,63,38.0212783813477,159.085098266602,103.531898498535,183.787200927734,500.319213867188,146.042602539062
"species",64,64,38.0760917663574,164.902206420898,95.8369598388672,177.793502807617,517.945678710938,154.847793579102
"species",65,65,37.7900009155273,167.789993286133,100.580001831055,185.509994506836,514.239990234375,151.179992675781
"species",66,66,37.7799987792969,175.169998168945,92.9400024414062,179.429992675781,532.530029296875,160.800003051758
"species",67,67,37.9900016784668,172.729995727539,97.2900009155273,182.179992675781,501.480010986328,156.839996337891
"species",68,68,37.730339050293,167.572998046875,97.8089904785156,185.898895263672,577.662902832031,150.494400024414
"species",69,69,37.8699989318848,173.619995117188,99.9899978637695,186.960006713867,506.399993896484,152.800003051758
"species",70,70,38.0499992370605,173.880004882812,101.110000610352,187.179992675781,489.570007324219,152.580001831055
"species",71,71,38.0400009155273,181.279998779297,93.0999984741211,187.699996948242,579.859985351562,150.740005493164
"species",72,72,37.7000007629395,186.119995117188,91.75,185.960006713867,559.150024414062,156.309997558594
"species",73,73,37.7200012207031,185,95.9899978637695,189.160003662109,528.960021972656,153.550003051758
"species",74,74,37.4000015258789,190.240005493164,95.5500030517578,187.970001220703,512.719970703125,158.419998168945
"species",75,75,37.7700004577637,191.320007324219,97.2099990844727,191.779998779297,504.790008544922,152.119995117188
"species",76,76,37.2599983215332,200.690002441406,91.6100006103516,187.669998168945,524.890014648438,162.050003051758
"species",77,77,38.8699989318848,199.059997558594,89.8399963378906,184.899993896484,495.519989013672,158.619995117188
"species",78,78,39.0999984741211,194.220001220703,91.0800018310547,183.889999389648,481.290008544922,158.169998168945
"species",79,79,40.75,176.360000610352,100.279998779297,185.490005493164,427.260009765625,147.979995727539
"species",80,80,41.7299995422363,167.289993286133,105.529998779297,186.710006713867,401.290008544922,142.600006103516
"species",81,81,40.0099983215332,191.350006103516,86.8099975585938,178.5,473.570007324219,160.130004882812
"species",82,82,40.2200012207031,197.380004882812,86.25,181.910003662109,471.859985351562,153.369995117188
"species",83,83,40.2599983215332,195.639999389648,85.1100006103516,179.410003662109,470.920013427734,156.570007324219
"species",84,84,40.4799995422363,195.130004882812,81.0800018310547,175.339996337891,462.880004882812,158.570007324219
"species",85,85,40.8400001525879,190.869995117188,83.9199981689453,176.080001831055,449.350006103516,157.649993896484
"species",86,86,40.439998626709,202.720001220703,75.9100036621094,175.100006103516,466.170013427734,153.699996948242
"species",87,87,40.25,201.429992675781,72.4300003051758,170.839996337891,474.260009765625,159.720001220703
"species",88,88,40.5699996948242,197.460006713867,77.8300018310547,173.889999389648,456.140014648438,157.509994506836
"species",89,89,40.7200012207031,194.399993896484,78.6699981689453,172.889999389648,451.450012207031,159.369995117188
"species",90,90,40.6500015258789,191.979995727539,77.370002746582,170.479995727539,451.769989013672,162.990005493164
"species",91,91,40.7000007629395,199.059997558594,79.0199966430664,176.460006713867,436.089996337891,152.130004882812
"species",92,92,40.7999992370605,196.130004882812,79.129997253418,174.699996948242,435.25,155.240005493164
"species",93,93,38.6100006103516,203.440002441406,67.7600021362305,169.330001831055,597.950012207031,160.970001220703
"species",94,94,38.5999984741211,201.800003051758,77.0899963378906,176.559997558594,571.239990234375,161.919998168945
"species",95,95,38.810001373291,197.570007324219,95.0299987792969,192.699996948242,480.769989013672,146.899993896484
"species",96,96,39.6399993896484,203.720001220703,83.0999984741211,183.270004272461,510.609985351562,152.039993286133
"species",97,97,39.7700004577637,200.869995117188,86.1600036621094,184.369995117188,498.579986572266,152.770004272461
"species",98,98,39.0400009155273,216.229995727539,77.1800003051758,186.639999389648,495.640014648438,138.130004882812
"species",99,99,39.1199989318848,212.550003051758,71.5500030517578,177.919998168945,521.030029296875,148.080001831055
"species",100,100,39.9799995422363,205.279998779297,77.129997253418,178.410003662109,507,152.130004882812
"species",101,101,40.5099983215332,200.699996948242,85.6399993896484,184.100006103516,479.489990234375,148.470001220703
"species",102,102,40.1500015258789,198.75,90.0899963378906,187.570007324219,458.899993896484,146.240005493164
"species",103,103,38.9700012207031,224.830001831055,74.7200012207031,189.509994506836,447.290008544922,127.139999389648
"species",104,104,38.7900009155273,218.289993286133,62.2700004577637,172.350006103516,505.440002441406,145.839996337891
"species",105,105,40.5200004577637,203.740005493164,81.2200012207031,181.800003051758,449.100006103516,145.160003662109
"species",106,106,38.9000015258789,228.309997558594,72.6699981689453,189.440002441406,431.859985351562,121.599998474121
"species",107,107,38.9599990844727,222.360000610352,65.3600006103516,178.089996337891,470.399993896484,137.429992675781
"species",108,108,40.0200004577637,211.220001220703,75.629997253418,181.009994506836,444.130004882812,141.119995117188
"species",109,109,40.2200012207031,207.990005493164,76.2200012207031,179.380004882812,444.329986572266,144.509994506836
"species",110,110,41.0699996948242,182.869995117188,87.1100006103516,175.229995727539,431.859985351562,158.360000610352
"species",111,111,41.189998626709,179.580001831055,87.5100021362305,174.070007324219,427.429992675781,160
"species",112,112,41.0099983215332,186.429992675781,83.5699996948242,173.820007324219,431.190002441406,159.210006713867
"species",113,113,41.0299987792969,183.800003051758,83.0299987792969,171.889999389648,430.75,162.160003662109
"species",114,114,41.9000015258789,172.949996948242,93.7699966430664,177.320007324219,397.019989013672,156.089996337891
"species",115,115,41.0400009155273,189.300003051758,78.9599990844727,170.660003662109,422.5,161.779998779297
"species",116,116,41.0999984741211,186.470001220703,78.8600006103516,169.270004272461,421.839996337891,164.779998779297
"species",117,117,41.6300010681152,179.240005493164,88.8600006103516,175.830001831055,394.760009765625,157.630004882812
"species",118,118,34.5499992370605,265.989990234375,60.189998626709,206.100006103516,340.089996337891,63.5099983215332
"species",119,119,34.0499992370605,262.660003662109,53.9900016784668,199.020004272461,358.140014648438,67.75
"species",120,120,35.3800010681152,273.920013427734,70.7600021362305,219.039993286133,287.230010986328,53.5900001525879
"species",121,121,38.3699989318848,243.25,63.2999992370605,188.740005493164,438.279998779297,100.110000610352
"species",122,122,38.0999984741211,238.979995727539,64.7900009155273,187.839996337891,421.399993896484,108.410003662109
"species",123,123,38.1399993896484,235.679992675781,63.1500015258789,184.199996948242,429.350006103516,118.050003051758
"species",124,124,38.189998626709,246.589996337891,62.5,189.669998168945,422.329986572266,97.0299987792969
"species",125,125,38.0499992370605,244.550003051758,64.3499984741211,190.460006713867,405.220001220703,99.0599975585938
"species",126,126,38.2299995422363,253.619995117188,63.0299987792969,193.889999389648,382.980010986328,87.5400009155273
"species",127,127,37.1699981689453,238.199996948242,35.6399993896484,158.899993896484,483.640014648438,128.479995727539
"species",128,128,37.6100006103516,250.25,49.1199989318848,178.580001831055,419.739990234375,100.029998779297
"species",129,129,37.0099983215332,239.889999389648,29.2600002288818,153.399993896484,486.010009765625,132.229995727539
"species",130,130,37.7700004577637,243.089996337891,42.0900001525879,167.429992675781,438.480010986328,117.699996948242
"species",131,131,38.0099983215332,244.720001220703,50.560001373291,176.360000610352,405.920013427734,109.139999389648
"species",132,132,37.7200012207031,252.229995727539,45.5400009155273,176.029998779297,414.510009765625,100.290000915527
"species",133,133,37.7400016784668,253.679992675781,42.7900009155273,173.910003662109,401.869995117188,102.230003356934
"species",134,134,37.4500007629395,249.380004882812,35.5699996948242,164.470001220703,425.420013427734,114.790000915527
"species",135,135,38.1300010681152,253.289993286133,52.5499992370605,183.210006713867,364.920013427734,95.9499969482422
"species",136,136,38.5400009155273,252.800003051758,64.25,194.880004882812,326.420013427734,86.4899978637695
"species",137,137,37.5299987792969,237.139999389648,53.3199996948242,177.460006713867,483.480010986328,109.940002441406
"species",138,138,38.7900009155273,257.890014648438,70.5899963378906,203.169998168945,358.579986572266,78.1399993896484
"species",139,139,38.2999992370605,259.040008544922,59.1500015258789,194.979995727539,381.420013427734,81.9400024414062
"species",140,140,37.8499984741211,257.769989013672,48.0400009155273,184.710006713867,401.079986572266,89.1600036621094
"species",141,141,38.0200004577637,257.910003662109,49.0400009155273,182.110000610352,360.070007324219,93.4700012207031
"species",142,142,38.2000007629395,257.079986572266,54.1599998474121,186.889999389648,342.359985351562,90.3300018310547
"species",143,143,37.5299987792969,258.019989013672,34.0299987792969,167.550003051758,397.059997558594,104.23999786377
"species",144,144,37.5200004577637,256.459991455078,32.6399993896484,165.339996337891,399.260009765625,108.790000915527
"species",145,145,38.0499992370605,257.079986572266,43.0999984741211,175.970001220703,361.709991455078,99.9599990844727
"species",146,146,38.25,257.010009765625,43.0299987792969,175.639999389648,347.769989013672,101.730003356934
"species",147,147,37.060001373291,254.889999389648,11.4899997711182,143.580001831055,434,134.039993286133
"species",148,148,37.9199981689453,257.109985351562,23.8700008392334,156.429992675781,391,120.819999694824
"species",149,149,38.6399993896484,260.959991455078,50.5299987792969,185.509994506836,309.970001220703,89.8899993896484
"species",150,150,37.2000007629395,257.980010986328,12.0500001907349,145.639999389648,413.980010986328,130.550003051758
"species",151,151,37.8199996948242,258.160003662109,18.9500007629395,152.050003051758,391.119995117188,126.26000213623
"species",152,152,38.3699989318848,260.589996337891,34.1399993896484,168.679992675781,343.540008544922,108.190002441406
"species",153,153,38.4300003051758,273.959991455078,38.1800003051758,179.270004272461,293.570007324219,84.5100021362305
"species",154,154,38.1599998474121,271.059997558594,32.5800018310547,172.479995727539,309.75,94.1500015258789
"species",155,155,37.8199996948242,262.700012207031,13.4200000762939,148.830001831055,375.019989013672,126.580001831055
"species",156,156,38.6800003051758,265.470001220703,31.8899993896484,168.860000610352,318.779998779297,106.26000213623
"species",157,157,37.9500007629395,262.850006103516,43.0200004577637,178.649993896484,369.730010986328,90.3399963378906
"species",158,158,37.8400001525879,266.690002441406,37.1800003051758,174.460006713867,351.779998779297,91.7900009155273
"species",159,159,38.5499992370605,276.279998779297,43.0800018310547,184.800003051758,281.350006103516,77.2099990844727
"species",160,160,40.3199996948242,207.570007324219,76.1600036621094,178.889999389648,412.140014648438,143.589996337891
"species",161,161,40.5400009155273,203.979995727539,77.7099990844727,178.399993896484,409.029998779297,145.770004272461
"species",162,162,40.9500007629395,199.850006103516,80.5299987792969,179.25,401.079986572266,146.490005493164
"species",163,163,40.1599998474121,209.990005493164,77.3899993896484,182.039993286133,391.429992675781,138.169998168945
"species",164,164,40.8499984741211,202.440002441406,79.6699981689453,179.660003662109,391.25,144.399993896484
"species",165,165,40.2900009155273,211.419998168945,76.0899963378906,181.699996948242,370.790008544922,137.160003662109
"species",166,166,40,222.300003051758,71.6600036621094,183.589996337891,360.450012207031,128.809997558594
"species",167,167,39.8400001525879,229.460006713867,59.6199989318848,175.229995727539,366.630004882812,133.669998168945
"species",168,168,40.4700012207031,215.160003662109,71.2300033569336,178.199996948242,354.690002441406,139.970001220703
"species",169,169,38.3300018310547,234.960006713867,71.2200012207031,192.279998779297,393.420013427734,110.349998474121
"species",170,170,38.810001373291,230.940002441406,72.3199996948242,190.830001831055,395.190002441406,117.069999694824
"species",171,171,39.8699989318848,218.75,70.4700012207031,180.539993286133,420,135.889999389648
"species",172,172,39.9799995422363,214.899993896484,73.3099975585938,180.910003662109,414.100006103516,137.690002441406
"species",173,173,38.310001373291,238.380004882812,72.9199981689453,195.979995727539,368.660003662109,101.300003051758
"species",174,174,38.7700004577637,233.970001220703,70.9000015258789,191.020004272461,382.899993896484,111.699996948242
"species",175,175,40,217.619995117188,74.9100036621094,184.520004272461,390.619995117188,131.550003051758
"species",176,176,38.5,242.550003051758,65.9300003051758,190.850006103516,365.850006103516,101.309997558594
"species",177,177,38.9099998474121,239.350006103516,74.9599990844727,198.350006103516,336.519989013672,95.9700012207031
"species",178,178,38.5999984741211,244.270004272461,64.120002746582,190.039993286133,357.920013427734,98.879997253418
"species",179,179,38.9199981689453,242.089996337891,68.2399978637695,192.639999389648,345.630004882812,97.6900024414062
"species",180,180,38.939998626709,238.339996337891,63.1100006103516,185.020004272461,366.450012207031,110.930000305176
"species",181,181,39.3400001525879,230.339996337891,71.75,188.830001831055,349.170013427734,116.550003051758
"species",182,182,38.6199989318848,249.289993286133,62.3199996948242,190.850006103516,334.519989013672,92.1800003051758
"species",183,183,38.560001373291,245.869995117188,52.9500007629395,179.210006713867,366.079986572266,106.580001831055
"species",184,184,38.7000007629395,242.380004882812,47.7400016784668,171.669998168945,385.720001220703,118.519996643066
"species",185,185,39.3400001525879,233.199996948242,55.689998626709,173.669998168945,372.75,130.970001220703
"species",186,186,39.9900016784668,227.270004272461,62.0900001525879,176.130004882812,353.350006103516,134.759994506836
"species",187,187,40.2599983215332,219.149993896484,64.5999984741211,173.440002441406,359.799987792969,143.960006713867
"species",188,188,40.5,215.190002441406,64.3899993896484,170.830001831055,366.75,149.880004882812
"species",189,189,40.0900001525879,228.559997558594,54.4700012207031,168.369995117188,357.170013427734,144.449996948242
"species",190,190,40.439998626709,222.300003051758,65.4300003051758,175.600006103516,338.029998779297,140.580001831055
"species",191,191,40.5400009155273,219.880004882812,60.3699989318848,168.820007324219,356.549987792969,150.970001220703
"species",192,192,39.8499984741211,238.660003662109,49.439998626709,169.529998779297,344.559997558594,131.880004882812
"species",193,193,40.7999992370605,221.449996948242,76.2799987792969,180.490005493164,318.329986572266,135.600006103516
"species",194,194,39.5800018310547,242.910003662109,36.0900001525879,157.990005493164,357.850006103516,143.820007324219
"species",195,195,39.6300010681152,244.789993286133,32.2299995422363,154.759994506836,356.829986572266,145.910003662109
"species",196,196,38.2799987792969,246.880004882812,40.439998626709,167.020004272461,390.420013427734,118.75
"species",197,197,38.5900001525879,244.100006103516,40.9000015258789,165.550003051758,392.010009765625,123.379997253418
"species",198,198,39.060001373291,239.279998779297,53.0200004577637,174.679992675781,361.529998779297,122.190002441406
"species",199,199,39.6800003051758,234.919998168945,61.0400009155273,180.089996337891,344.459991455078,122.900001525879
"species",200,200,38.8400001525879,250.009994506836,41.8300018310547,169.960006713867,356.709991455078,114.180000305176
"species",201,201,38.9500007629395,247.309997558594,42.25,168.509994506836,359.299987792969,119.029998779297
"species",202,202,39.4099998474121,240.470001220703,47.5499992370605,169.190002441406,355.440002441406,128.190002441406
"species",203,203,38.9000015258789,259.959991455078,56.4599990844727,191.289993286133,292.670013427734,85.3399963378906
"species",204,204,38.9799995422363,256.890014648438,54.4900016784668,187.470001220703,300.890014648438,91.3300018310547
"species",205,205,38.9700012207031,253.309997558594,47.4900016784668,177.880004882812,324.549987792969,103.940002441406
"species",206,206,38.9199981689453,248.789993286133,34.4799995422363,161.259994506836,368.579986572266,127.019996643066
"species",207,207,39.0299987792969,242.309997558594,33.2400016784668,155.529998779297,383.410003662109,142.5
"species",208,208,38.9799995422363,262.059997558594,58.1699981689453,194.380004882812,275.239990234375,81.4300003051758
"species",209,209,38.9799995422363,258.630004882812,60.4300003051758,194.740005493164,273.690002441406,83.3899993896484
"species",210,210,39.0200004577637,257.760009765625,58.689998626709,192.149993896484,269.730010986328,87.2600021362305
"species",211,211,39.1800003051758,254.830001831055,50.8400001525879,181.800003051758,293.739990234375,100.650001525879
"species",212,212,38.7000007629395,263.489990234375,31.9099998474121,167.800003051758,320.760009765625,109.540000915527
"species",213,213,39,264.489990234375,58.8199996948242,196.429992675781,251.330001831055,80.0899963378906
"species",214,214,39.7900009155273,252.850006103516,44.5400009155273,173.020004272461,306.200012207031,113.680000305176
"species",215,215,40.9599990844727,194.990005493164,77.0299987792969,172.179992675781,415.089996337891,157.600006103516
"species",216,216,40.9099998474121,194.110000610352,70.4400024414062,165.100006103516,434.140014648438,167.619995117188
"species",217,217,41.2299995422363,187.789993286133,79.6600036621094,170.770004272461,410.739990234375,162.160003662109
"species",218,218,40.8800010681152,197.449996948242,75.3000030517578,172.029998779297,408.410003662109,156.729995727539
"species",219,219,40.5800018310547,200.080001831055,64.1800003051758,161.949996948242,429.209991455078,169.339996337891
"species",220,220,41.6399993896484,186.470001220703,84.8000030517578,175.720001220703,380.160003662109,156.690002441406
"species",221,221,41.0499992370605,198.330001831055,73.870002746582,171.229995727539,392.589996337891,157.509994506836
"species",222,222,41.439998626709,189.389999389648,89.4100036621094,182.100006103516,358.209991455078,147.330001831055
"species",223,223,41.6800003051758,187.679992675781,85.6500015258789,177.229995727539,370.519989013672,154.559997558594
"species",224,224,40.7400016784668,204.259994506836,72.6800003051758,173.259994506836,382.059997558594,152.350006103516
"species",225,225,41.1599998474121,195.699996948242,85.6100006103516,181.979995727539,354.529998779297,144.929992675781
"species",226,226,41.2099990844727,199.839996337891,83.0999984741211,181.470001220703,343.290008544922,144.669998168945
"species",227,227,41.6455688476562,192.59489440918,93.4430389404297,187.73420715332,326.379791259766,140.075897216797
"species",228,228,41.0900001525879,205.630004882812,81.7799987792969,182.830001831055,333.769989013672,140.309997558594
"species",229,229,41.3800010681152,204.389999389648,85.8499984741211,181.149993896484,326.220001220703,144.729995727539
"species",230,230,41.4099998474121,206.970001220703,85.9000015258789,177.839996337891,329.399993896484,148.610000610352
"species",231,231,41.6599998474121,212.699996948242,89.8399963378906,171.600006103516,328.609985351562,156.710006713867
"species",232,232,35.8199996948242,278.640014648438,75.6900024414062,225.399993896484,256.700012207031,48.6800003051758
"species",233,233,35.3499984741211,272.010009765625,57.9799995422363,205.830001831055,297.920013427734,60.0999984741211
"species",234,234,35.689998626709,279.600006103516,62.3499984741211,212.789993286133,260.119995117188,54.810001373291
"species",235,235,35.9599990844727,278.25,57.6100006103516,207.779998779297,263.450012207031,57.1100006103516
"species",236,236,35.8300018310547,279.200012207031,52.75,202.929992675781,267.390014648438,60.939998626709
"species",237,237,35.9500007629395,279.459991455078,52.75,203.009994506836,261.230010986328,59.9300003051758
"species",238,238,36.5800018310547,283.829986572266,50.7999992370605,202.130004882812,237.380004882812,59.7400016784668
"species",239,239,36.4000015258789,279.619995117188,36.4000015258789,185.929992675781,269.899993896484,71.8899993896484
"species",240,240,36.7799987792969,286.5,51.4300003051758,203.550003051758,222.179992675781,58.2999992370605
"species",241,241,36.8499984741211,284.450012207031,43.9799995422363,195.320007324219,232.639999389648,63.3199996948242
"species",242,242,36.9900016784668,292.920013427734,70.75,224.820007324219,179.110000610352,44.25
"species",243,243,37.0400009155273,292.390014648438,69.0299987792969,222.869995117188,178.300003051758,45
"species",244,244,37.1300010681152,291.540008544922,64.6999969482422,218.210006713867,181.779998779297,47.560001373291
"species",245,245,38.9599990844727,289.130004882812,77.4000015258789,198.479995727539,166.270004272461,55.1500015258789
"species",246,246,36.9799995422363,284.510009765625,49.6800003051758,200.850006103516,227.149993896484,58.7900009155273
"species",247,247,37,285.640014648438,47.0499992370605,198.75,218.979995727539,60.060001373291
"species",248,248,38.5,272.75,31.1000003814697,171.860000610352,298.350006103516,94.4199981689453
"species",249,249,37.9799995422363,264.940002441406,12.7299995422363,149.330001831055,361.019989013672,125.669998168945
"species",250,250,38.689998626709,269.589996337891,30.6700000762939,169.639999389648,303.630004882812,101.680000305176
"species",251,251,38.9099998474121,278.299987792969,33.9799995422363,177.059997558594,259.940002441406,87.9400024414062
"species",252,252,38.6300010681152,274.079986572266,24.5400009155273,165.380004882812,290.869995117188,104.220001220703
"species",253,253,38.5,269.25,15.210000038147,153.130004882812,324.640014648438,121.959999084473
"species",254,254,38.7099990844727,268.589996337891,18.0200004577637,155.410003662109,319.350006103516,121.839996337891
"species",255,255,39,282.730010986328,43.2299995422363,187.740005493164,223.029998779297,74.7099990844727
"species",256,256,38.9900016784668,281.549987792969,44.1399993896484,182.860000610352,234.940002441406,81.75
"species",257,257,38.7799987792969,274.950012207031,30.0599994659424,163.850006103516,284.440002441406,108.470001220703
"species",258,258,39,287.790008544922,77.5999984741211,194.559997558594,185.350006103516,69.0599975585938
"species",259,259,38.9799995422363,279.320007324219,48.3499984741211,191.440002441406,252.940002441406,68.5999984741211
"species",260,260,38.9900016784668,281.160003662109,42.0499992370605,186.789993286133,236.580001831055,74
"species",261,261,39,283.260009765625,43.4700012207031,188.910003662109,219.5,71.7600021362305
"species",262,262,39,285.209991455078,62.5299987792969,190.660003662109,204.589996337891,69.9199981689453
"species",263,263,38.9799995422363,288.869995117188,72.5,191.539993286133,181.669998168945,65.9000015258789
"species",264,264,40.0800018310547,244.429992675781,47.0200004577637,154.330001831055,342.980010986328,152.539993286133
"species",265,265,39.4099998474121,245.669998168945,16.7900009155273,135.089996337891,387.489990234375,175.509994506836
"species",266,266,41.0200004577637,242.970001220703,63.8400001525879,157.050003051758,319.100006103516,158.600006103516
"species",267,267,39,267.079986572266,52.4000015258789,190.889999389648,254.300003051758,85.4100036621094
"species",268,268,39.2599983215332,256.720001220703,23.1599998474121,141.630004882812,354.529998779297,154.399993896484
"species",269,269,39.689998626709,262.160003662109,46.9199981689453,151.929992675781,313.100006103516,141.429992675781
"species",270,270,39.9900016784668,275.109985351562,67.2200012207031,176.619995117188,246.229995727539,107.050003051758
"species",271,271,39.9300003051758,265.279998779297,54.2799987792969,158.949996948242,291.480010986328,133.490005493164
"species",272,272,42.6111106872559,199.541702270508,109.722198486328,183,299.736114501953,152.236099243164
"species",273,273,43,204.839996337891,105.76000213623,179.660003662109,298.390014648438,156.820007324219
"species",274,274,42.8762893676758,196.62890625,111.340202331543,182.567001342773,297.556701660156,156.556701660156
"species",275,275,36.25,314.049987792969,72.0400009155273,234.619995117188,172.119995117188,38.8499984741211
"species",276,276,36.3600006103516,310.829986572266,71.75,232.940002441406,164.520004272461,39.8199996948242
"species",277,277,36.8800010681152,309.549987792969,79.4800033569336,238.919998168945,151.509994506836,36.4500007629395
"species",278,278,36.5099983215332,318.160003662109,73.8199996948242,237.660003662109,166.089996337891,36.9799995422363
"species",279,279,36.5099983215332,314.75,56.0499992370605,218.279998779297,189.679992675781,48.6399993896484
"species",280,280,36.5900001525879,312.619995117188,65.5299987792969,224.630004882812,168.5,44.7200012207031
"species",281,281,36.5900001525879,294.279998779297,61.2099990844727,216.339996337891,196.839996337891,50.689998626709
"species",282,282,36.560001373291,295.459991455078,47.3199996948242,202.199996948242,205.710006713867,59.6800003051758
"species",283,283,36.9900016784668,300.429992675781,66.5299987792969,219.380004882812,161.869995117188,47.8600006103516
"species",284,284,37,301.920013427734,80.7200012207031,221.809997558594,153.320007324219,46.4199981689453
"species",285,285,37,304.140014648438,112,240.190002441406,124.580001831055,35.5699996948242
"species",286,286,36.6399993896484,319.109985351562,82.879997253418,239.699996948242,160.160003662109,35.7599983215332
"species",287,287,36.7099990844727,314.540008544922,58.75,219.320007324219,177.789993286133,48.0299987792969
"species",288,288,36.8300018310547,314.260009765625,82.1100006103516,230.470001220703,156.050003051758,41.1300010681152
"species",289,289,37,305.089996337891,111.910003662109,240.419998168945,121.970001220703,35.8800010681152
"species",290,290,37,305.929992675781,111.410003662109,240.369995117188,120.01000213623,35.9300003051758
"species",291,291,36.3899993896484,290.619995117188,37.6300010681152,190.580001831055,233.839996337891,68.5400009155273
"species",292,292,37,294.459991455078,57.5900001525879,212.229995727539,183.399993896484,51.689998626709
"species",293,293,37.0400009155273,294.179992675781,55.9799995422363,210.259994506836,180.759994506836,52.3800010681152
"species",294,294,37.439998626709,293.820007324219,56.1500015258789,210.039993286133,175.830001831055,52.0200004577637
"species",295,295,37.9300003051758,292.959991455078,52.6699981689453,206.059997558594,177.199996948242,54.3199996948242
"species",296,296,36.8400001525879,295.149993896484,50.7900009155273,205.490005493164,194.940002441406,57.439998626709
"species",297,297,37.0999984741211,292.640014648438,43.9700012207031,197.399993896484,196.470001220703,61.8699989318848
"species",298,298,38,293.019989013672,48.310001373291,201.389999389648,175.410003662109,57.4700012207031
"species",299,299,36.3499984741211,290.399993896484,12.0299997329712,162.929992675781,269.760009765625,93.0299987792969
"species",300,300,36.8899993896484,293.160003662109,30.2000007629395,182.830001831055,214.210006713867,73.8000030517578
"species",301,301,36.560001373291,292.200012207031,13.5299997329712,165,254.869995117188,91.0100021362305
"species",302,302,36.9700012207031,295.320007324219,35.0099983215332,187.800003051758,194.919998168945,69.4300003051758
"species",303,303,37.9199981689453,296.230010986328,71.0100021362305,200.080001831055,159.910003662109,59.0099983215332
"species",304,304,36.9900016784668,299.869995117188,62.6399993896484,200.300003051758,169.779998779297,61.310001373291
"species",305,305,36.9300003051758,293.769989013672,20.6800003051758,167.449996948242,225.960006713867,88.1600036621094
"species",306,306,41.2700004577637,239.300003051758,63.1300010681152,153.580001831055,323.890014648438,168.910003662109
"species",307,307,39.9599990844727,272.339996337891,59.9099998474121,167.289993286133,264.75,121.290000915527
"species",308,308,40,274.970001220703,64.8000030517578,172.399993896484,249.75,116.51000213623
"species",309,309,40.0499992370605,269.350006103516,60.5,165.429992675781,268.059997558594,127.519996643066
"species",310,310,43.75,203.25,109.860000610352,180.490005493164,287.119995117188,160.740005493164
"species",311,311,36.9900016784668,298.769989013672,47.8800010681152,186.940002441406,189.589996337891,72.8899993896484
"species",312,312,36.9599990844727,292.579986572266,7.48999977111816,155.809997558594,246.660003662109,99.5400009155273
"species",313,313,37,294.519989013672,18.4799995422363,162,223.169998168945,93.9899978637695
"species",314,314,37.0999984741211,293.079986572266,30,166.149993896484,202.610000610352,89.2699966430664
"species",315,315,37.9300003051758,294.470001220703,61.4199981689453,184.949996948242,153.610000610352,70.8899993896484
"species",316,316,37,304.959991455078,106.370002746582,227.869995117188,122.279998779297,43.2000007629395
"species",317,317,37,299.529998779297,83.6699981689453,191.110000610352,161.979995727539,68.5500030517578
"species",318,318,37,293.739990234375,58.6100006103516,167.940002441406,189.080001831055,87.9000015258789
"species",319,319,37.5099983215332,293.600006103516,76.4700012207031,177.860000610352,159.270004272461,77.5500030517578
"species",320,320,36.9799995422363,304.410003662109,104.870002746582,221.949996948242,128.729995727539,47.6599998474121
"species",321,321,37,299.109985351562,81.2200012207031,185.309997558594,169.080001831055,73.4300003051758
"species",322,322,37,297.140014648438,76.1999969482422,179.809997558594,168.990005493164,76.5400009155273
"species",323,323,36.560001373291,301.890014648438,97.8099975585938,210.009994506836,137.009994506836,56.4700012207031
"species",324,324,36.0999984741211,303.619995117188,103.940002441406,224.119995117188,120.190002441406,47.1100006103516
"species",325,325,36.7400016784668,297.790008544922,87.0999984741211,190.020004272461,154.339996337891,70.5599975585938
"species",326,326,36.0699996948242,302.869995117188,104.410003662109,219.199996948242,124.669998168945,50.7799987792969
"species",327,327,35.8400001525879,302.25,106.98999786377,217.110000610352,127.120002746582,53.1100006103516
"species",328,328,35.939998626709,300.089996337891,97.9499969482422,217.490005493164,124.830001831055,52.9199981689453
"species",329,329,36.75,288.609985351562,103.5,174.789993286133,165.800003051758,84.7200012207031
"species",330,330,39.6699981689453,244.729995727539,50.9000015258789,143.119995117188,312.709991455078,176.270004272461
"species",331,331,40.25,215.610000610352,90.5400009155273,170.059997558594,290.059997558594,165.289993286133
"species",332,332,39.5299987792969,273.559997558594,74.1699981689453,175.089996337891,214.25,115.360000610352
"species",333,333,38.8899993896484,247.880004882812,30.6900005340576,127.610000610352,330.049987792969,189.229995727539
"species",334,334,38.9099998474121,249.449996948242,38.6100006103516,134.130004882812,307.440002441406,177.259994506836
"species",335,335,39.25,215.740005493164,88.0800018310547,168.449996948242,291.899993896484,165.800003051758
"species",336,336,41.2700004577637,197.710006713867,109.139999389648,181.649993896484,281.350006103516,159.720001220703
"species",337,337,36.310001373291,285.679992675781,101.080001831055,182.169998168945,163.309997558594,82.9800033569336
"species",338,338,37.2099990844727,282.25,82.370002746582,163.520004272461,188.210006713867,95.8000030517578
"species",339,339,37.3699989318848,281.619995117188,76.9700012207031,162.020004272461,191.399993896484,97.4300003051758
"species",340,340,36.2200012207031,283.049987792969,114.180000305176,182.770004272461,164.130004882812,85.8600006103516
"species",341,341,37.4599990844727,280.959991455078,66.3499984741211,156.369995117188,203.729995727539,106.26000213623
"species",342,342,36,285.239990234375,70.9400024414062,189.800003051758,165.350006103516,80.379997253418
"species",343,343,36.9099998474121,282.269989013672,95.6600036621094,169.309997558594,183.270004272461,97.9400024414062
"species",344,344,37.7000007629395,210.880004882812,60.75,159.770004272461,322.359985351562,192.470001220703
"species",345,345,36.7700004577637,189.429992675781,87.0400009155273,175.759994506836,352.25,202.220001220703
"species",346,346,36.3699989318848,183.360000610352,85.2099990844727,183.789993286133,369.880004882812,207.520004272461
"species",347,347,37.0999984741211,199.580001831055,77.0899963378906,184.199996948242,322.390014648438,187.539993286133
"species",348,348,38.0699996948242,220.429992675781,56.9700012207031,172.860000610352,299.700012207031,184.479995727539
"species",349,349,38.3699989318848,220.179992675781,45.6800003051758,160.740005493164,328.670013427734,202
"species",350,350,37.4300003051758,192.880004882812,82.2799987792969,186.320007324219,352.429992675781,202.279998779297
"species",351,351,38.0800018310547,217.699996948242,64.0199966430664,178.979995727539,298.299987792969,183
"species",352,352,38.0800018310547,201.610000610352,71.5699996948242,178.580001831055,351.450012207031,206.880004882812
"species",353,353,41.9878005981445,162.317092895508,118.695098876953,194.756103515625,325.719512939453,44.9024391174316
"species",354,354,42.1428604125977,163.51789855957,117.821403503418,194.035705566406,333.428588867188,47.7142906188965
"species",355,355,42.0900001525879,170.589996337891,116.180000305176,195.610000610352,339.890014648438,49.0299987792969
"species",356,356,41.189998626709,205.339996337891,108.290000915527,205.419998168945,364.75,54.1699981689453
"species",357,357,39.9500007629395,233.649993896484,100.930000305176,222.520004272461,347.600006103516,51.4599990844727
"species",358,358,39.2299995422363,237.699996948242,96.5199966430664,221.550003051758,361.839996337891,53.7400016784668
"species",359,359,38.7299995422363,240.639999389648,92.8600006103516,220.990005493164,372.410003662109,55.3499984741211
"species",360,360,38.7200012207031,242.279998779297,92.870002746582,221.5,376.420013427734,56.6800003051758
"species",361,361,42.7244911193848,169.632705688477,118.14289855957,196.540802001953,338.112213134766,50.2448997497559
"species",362,362,41.4000015258789,206.399993896484,106.839996337891,203.779998779297,375.589996337891,57.5999984741211
"species",363,363,42.1800003051758,206.389999389648,112.110000610352,207.539993286133,360.480010986328,57.0099983215332
"species",364,364,41.8600006103516,225.009994506836,96.6600036621094,209.039993286133,394.230010986328,64.1500015258789
"species",365,365,42.0400009155273,226.830001831055,96.0699996948242,208.190002441406,402.570007324219,67.2900009155273
"species",366,366,42.9900016784668,229.539993286133,100.879997253418,212.119995117188,388.220001220703,67.379997253418
"species",367,367,40.689998626709,226.770004272461,96.379997253418,212.320007324219,382.5,58.9500007629395
"species",368,368,40.7900009155273,228.339996337891,94.0699996948242,210.210006713867,397.429992675781,62.5699996948242
"species",369,369,41.0800018310547,230.279998779297,93.9000015258789,209.860000610352,403.859985351562,65.1399993896484
"species",370,370,41.7900009155273,233.75,96.379997253418,212.309997558594,398.700012207031,66.5100021362305
"species",371,371,42.5099983215332,236.220001220703,98.6999969482422,214.100006103516,394.709991455078,67.9300003051758
"species",372,372,39.9199981689453,236.550003051758,95.9400024414062,218.279998779297,378.170013427734,58.0999984741211
"species",373,373,40.0499992370605,238.029998779297,93.4700012207031,216.080001831055,393.359985351562,61.4900016784668
"species",374,374,37.7900009155273,227.910003662109,69.5999984741211,192.179992675781,512.179992675781,79.3600006103516
"species",375,375,40.1699981689453,237.759994506836,86.7399978637695,208.669998168945,437.820007324219,71.6699981689453
"species",376,376,39.0499992370605,239.889999389648,87.8600006103516,213.839996337891,413.309997558594,63.7799987792969
"species",377,377,39.3800010681152,241.330001831055,87.9400024414062,213.820007324219,417.339996337891,65.5500030517578
"species",378,378,38.1100006103516,235.130004882812,75.129997253418,200.740005493164,481.320007324219,74.75
"species",379,379,37.8400001525879,239.929992675781,80.7099990844727,209.639999389648,440.459991455078,66.8000030517578
"species",380,380,38.5200004577637,243.050003051758,84.4199981689453,213.360000610352,427,66.1900024414062
"species",381,381,38.2599983215332,241.100006103516,79.2799987792969,208.020004272461,454.959991455078,70.5400009155273
"species",382,382,36.6300010681152,244.509994506836,75.5299987792969,209.740005493164,454.260009765625,68.4499969482422
"species",383,383,37.310001373291,247.350006103516,79.3499984741211,213.649993896484,438.510009765625,67.1800003051758
"species",384,384,35.8899993896484,238.020004272461,64.7900009155273,197.520004272461,515.669982910156,77.1999969482422
"species",385,385,37.2299995422363,256.320007324219,96.6100006103516,235.470001220703,318.890014648438,48.9700012207031
"species",386,386,37.5299987792969,255.220001220703,97.9000015258789,233.529998779297,314.010009765625,48.6399993896484
"species",387,387,38.0200004577637,259.850006103516,104.76000213623,237.550003051758,286.190002441406,45.1100006103516
"species",388,388,37.9300003051758,264.940002441406,99.0100021362305,235.160003662109,291.079986572266,46.6399993896484
"species",389,389,37.560001373291,267.589996337891,96.25,235,292.929992675781,47.3400001525879
"species",390,390,38.9099998474121,276.130004882812,101.970001220703,240.75,255.970001220703,41.8899993896484
"species",391,391,39,282,101.940002441406,243.009994506836,242.419998168945,40.6100006103516
"species",392,392,37.3300018310547,252.600006103516,89.2399978637695,226.5,374.910003662109,57.1100006103516
"species",393,393,36.5999984741211,249.729995727539,80.7200012207031,218.229995727539,416.850006103516,62.9199981689453
"species",394,394,37.2000007629395,251.720001220703,81.4899978637695,218.740005493164,417.049987792969,64.1999969482422
"species",395,395,35.9500007629395,243.059997558594,68.1399993896484,203.740005493164,487.869995117188,73.2699966430664
"species",396,396,36.9599990844727,261.25,90.9300003051758,234.229995727539,346.850006103516,54.1500015258789
"species",397,397,36.8300018310547,260.399993896484,87.2200012207031,230.279998779297,364.959991455078,56.7900009155273
"species",398,398,35.0299987792969,252.360000610352,69.8399963378906,213.220001220703,436.269989013672,65.8000030517578
"species",399,399,35.25,252.929992675781,70.5,213.570007324219,433.179992675781,65.8000030517578
"species",400,400,35.8899993896484,261.959991455078,80.0100021362305,226.610000610352,373.089996337891,58.2900009155273
"species",401,401,35.3400001525879,256.540008544922,72.0500030517578,217.289993286133,409.089996337891,63.060001373291
"species",402,402,35.7799987792969,266.480010986328,85.1800003051758,228.240005493164,334.559997558594,54.2099990844727
"species",403,403,35.8899993896484,269.260009765625,83.8499984741211,228.820007324219,309.279998779297,51.4700012207031
"species",404,404,44.5900001525879,187.850006103516,110.680000305176,195.839996337891,401.679992675781,75.3199996948242
"species",405,405,45.0515518188477,176.752593994141,109.917503356934,190.87629699707,414.402099609375,80.1752471923828
"species",406,406,43.7299995422363,226.089996337891,106.150001525879,213.850006103516,375.260009765625,67.0500030517578
"species",407,407,43.9500007629395,209.649993896484,109.690002441406,205.139999389648,396.25,74.0699996948242
"species",408,408,44.0299987792969,204.470001220703,108.940002441406,202.600006103516,403.339996337891,76.2099990844727
"species",409,409,43.9900016784668,201.279998779297,107.300003051758,199.919998168945,414.839996337891,79.0199966430664
"species",410,410,43.0200004577637,221.089996337891,103.01000213623,204.669998168945,420.140014648438,77.0199966430664
"species",411,411,43.2700004577637,216.100006103516,104.110000610352,204.070007324219,417.850006103516,77.6800003051758
"species",412,412,42.9599990844727,214.300003051758,99.9499969482422,199.860000610352,439.470001220703,82.1500015258789
"species",413,413,42,240.470001220703,97.5,217.240005493164,393.320007324219,69.0400009155273
"species",414,414,41.5200004577637,234.460006713867,92.1600036621094,207.190002441406,437.5,77.129997253418
"species",415,415,39.310001373291,225.800003051758,69.4700012207031,187.800003051758,539.400024414062,90.5800018310547
"species",416,416,39.8499984741211,226.710006713867,73.25,189.770004272461,529.52001953125,90.5999984741211
"species",417,417,41.0299987792969,244.110000610352,93.4100036621094,216.960006713867,403.859985351562,69.2399978637695
"species",418,418,41.3300018310547,239.429992675781,91.9800033569336,211.309997558594,424.829986572266,74.1800003051758
"species",419,419,41.0699996948242,236.960006713867,91.870002746582,207.270004272461,444.179992675781,77.7799987792969
"species",420,420,38.8899993896484,229.389999389648,66.7200012207031,188.309997558594,545.919982910156,91.120002746582
"species",421,421,39.6500015258789,244.75,86.6699981689453,214.139999389648,426.609985351562,69.5
"species",422,422,40.3400001525879,246.440002441406,90.3199996948242,217.229995727539,410.260009765625,68.8600006103516
"species",423,423,40.7400016784668,241.770004272461,87.5999984741211,210.360000610352,436.200012207031,75.370002746582
"species",424,424,40.0800018310547,243.910003662109,79.5500030517578,207.369995117188,457.709991455078,77.4000015258789
"species",425,425,35.75,235.649993896484,61.3499984741211,193.309997558594,537.299987792969,80.3600006103516
"species",426,426,38.060001373291,247.160003662109,78.1999969482422,211.070007324219,450.100006103516,71.1800003051758
"species",427,427,39.5200004577637,249.539993286133,84.4300003051758,216.009994506836,420.190002441406,69.7399978637695
"species",428,428,39.560001373291,247.270004272461,78.370002746582,209.259994506836,452.079986572266,75.2200012207031
"species",429,429,44.5499992370605,192.259994506836,99.8499984741211,190.410003662109,492.529998779297,103.26000213623
"species",430,430,44.2299995422363,190.940002441406,99.9800033569336,192.229995727539,487.940002441406,102.269996643066
"species",431,431,43.2599983215332,190.289993286133,95.5800018310547,192.630004882812,499.089996337891,104.620002746582
"species",432,432,43.7099990844727,208.899993896484,96.4300003051758,194.410003662109,487.760009765625,100.779998779297
"species",433,433,42.7400016784668,206.639999389648,98.1100006103516,196.660003662109,489.070007324219,103.540000915527
"species",434,434,44.98876953125,178.011199951172,109.516899108887,191.224700927734,426.146087646484,84.8314590454102
"species",435,435,44.9489784240723,181.93879699707,107.7041015625,191.193893432617,439.224487304688,89.0714263916016
"species",436,436,44.709300994873,186.837203979492,105.732597351074,191.44189453125,452.732513427734,93.0581436157227
"species",437,437,44.6547584533691,191.35710144043,103.964302062988,191.773803710938,465.309509277344,97.4285736083984
"species",438,438,43.8499984741211,201.660003662109,103.089996337891,196.449996948242,436.600006103516,84.0599975585938
"species",439,439,43.4799995422363,203.679992675781,98.620002746582,193.360000610352,460.579986572266,89.2699966430664
"species",440,440,43.2700004577637,205.820007324219,95.4199981689453,191.429992675781,479.130004882812,93.5800018310547
"species",441,441,43.2599983215332,207.240005493164,94.6600036621094,191.470001220703,486.290008544922,96.5500030517578
"species",442,442,43.9700012207031,206.440002441406,101.139999389648,196.639999389648,462.100006103516,94.6500015258789
"species",443,443,43.1199989318848,215.479995727539,94.75,196.210006713867,482.470001220703,97.0699996948242
"species",444,444,42.6300010681152,216.479995727539,87.1900024414062,190.850006103516,518.890014648438,104.580001831055
"species",445,445,41.8899993896484,215.970001220703,88.7200012207031,192.809997558594,515.169982910156,107.910003662109
"species",446,446,42.6300010681152,227.809997558594,92.8300018310547,201.880004882812,467.649993896484,91.1699981689453
"species",447,447,42.4799995422363,228.710006713867,89.7200012207031,199.559997558594,481.540008544922,94.4499969482422
"species",448,448,41.9900016784668,229.809997558594,88.370002746582,198.979995727539,486.299987792969,97.9400024414062
"species",449,449,41.439998626709,229.550003051758,86.4499969482422,198,489.279998779297,102.01000213623
"species",450,450,42.0800018310547,234.229995727539,87.6100006103516,201.460006713867,476.679992675781,90.4400024414062
"species",451,451,40.439998626709,232.059997558594,68.2799987792969,188.320007324219,533.039978027344,108.279998779297
"species",452,452,40.060001373291,241.550003051758,60.4799995422363,189.029998779297,547.530029296875,97.9199981689453
"species",453,453,41.4700012207031,247.639999389648,82.3199996948242,206.759994506836,452.299987792969,87.7900009155273
"species",454,454,40.1699981689453,242.130004882812,66.7300033569336,193.559997558594,500.859985351562,99.9899978637695
"species",455,455,39.5299987792969,244.710006713867,58.8300018310547,189.460006713867,538.719970703125,95.9899978637695
"species",456,456,39.0499992370605,241.559997558594,52.9599990844727,183.259994506836,560.840026855469,101.440002441406
"species",457,457,40.1599998474121,248.279998779297,63.1399993896484,194.220001220703,512.159973144531,94.7799987792969
"species",458,458,43,212.929992675781,97.9899978637695,197.710006713867,452.279998779297,85.2900009155273
"species",459,459,42.0800018310547,215,86.7399978637695,189.220001220703,510.160003662109,96.1500015258789
"species",460,460,42.7099990844727,214.839996337891,91.4199981689453,192.970001220703,492.130004882812,95.4300003051758
"species",461,461,43.3800010681152,213.690002441406,98.0999984741211,198.089996337891,465.920013427734,93.3600006103516
"species",462,462,41.810001373291,228.029998779297,86.7200012207031,196.470001220703,493.869995117188,91.879997253418
"species",463,463,40.2700004577637,231.320007324219,76.379997253418,193.130004882812,518.159973144531,90.6100006103516
"species",464,464,40.7999992370605,232.009994506836,76.1500015258789,192.800003051758,520.969970703125,93.6600036621094
"species",465,465,40.0499992370605,229.470001220703,66.620002746582,185.699996948242,556.080017089844,100.050003051758
"species",466,466,39.6399993896484,242.039993286133,72.7200012207031,201.050003051758,491.75,82.5100021362305
"species",467,467,40.2400016784668,243.199996948242,76.4000015258789,203.360000610352,478.290008544922,81.9300003051758
"species",468,468,37.4300003051758,230.610000610352,48.5699996948242,175.520004272461,606.320007324219,103.139999389648
"species",469,469,39.0400009155273,244.649993896484,70.1100006103516,201.380004882812,493.970001220703,80.9599990844727
"species",470,470,39.3300018310547,244.759994506836,68.8199996948242,199.949996948242,500.609985351562,83.0199966430664
"species",471,471,39.2400016784668,244.029998779297,64.4499969482422,195.630004882812,522.72998046875,86.6600036621094
"species",472,472,38.3400001525879,238.820007324219,52.5299987792969,182.880004882812,575.47998046875,97.4400024414062
"species",473,473,42.7333297729492,174.199996948242,96.2444534301758,187.466705322266,529.477783203125,110.911102294922
"species",474,474,41.4772682189941,172.181793212891,100.840896606445,187.897705078125,542.772705078125,118.920501708984
"species",475,475,42.8899993896484,183.089996337891,93.3499984741211,188.199996948242,527.140014648438,109.800003051758
"species",476,476,41.3600006103516,184.75,83.4800033569336,180.220001220703,583.580017089844,126.25
"species",477,477,41.060001373291,182.509994506836,88.6100006103516,183.149993896484,584.919982910156,127.339996337891
"species",478,478,42.7299995422363,191.279998779297,91.0599975585938,189.759994506836,524.700012207031,110.25
"species",479,479,41.5699996948242,197.600006103516,93.8099975585938,191.360000610352,532.669982910156,116.029998779297
"species",480,480,40.5200004577637,199.25,74.7799987792969,178.139999389648,606.710021972656,134.160003662109
"species",481,481,42.3800010681152,205.190002441406,100.470001220703,198.789993286133,480.609985351562,103.160003662109
"species",482,482,41.4300003051758,207.850006103516,85.2200012207031,187.800003051758,547.200012207031,117.919998168945
"species",483,483,41.3300018310547,205.630004882812,95.6100006103516,195.410003662109,511.320007324219,112.629997253418
"species",484,484,40.8400001525879,205.800003051758,90.5899963378906,191.550003051758,537.919982910156,120.26000213623
"species",485,485,39.8499984741211,209.839996337891,85.120002746582,189.419998168945,546.960021972656,132.130004882812
"species",486,486,39.7200012207031,224.270004272461,80.9199981689453,192.589996337891,496.239990234375,123.180000305176
"species",487,487,37.3300018310547,214.509994506836,46.1500015258789,156.350006103516,609.840026855469,148.570007324219
"species",488,488,41.9700012207031,213.649993896484,96.7799987792969,199.509994506836,479.75,103.279998779297
"species",489,489,41.3600006103516,214.479995727539,88.629997253418,193.070007324219,516.929992675781,112.129997253418
"species",490,490,40.7200012207031,214.089996337891,86.3600006103516,191.190002441406,533.070007324219,120.319999694824
"species",491,491,39.9000015258789,211.669998168945,76.1399993896484,181.410003662109,575.849975585938,132.460006713867
"species",492,492,38.8800010681152,218.690002441406,56.939998626709,171.949996948242,587.200012207031,129.899993896484
"species",493,493,39.8600006103516,224.770004272461,74.6500015258789,186.649993896484,530.940002441406,120.290000915527
"species",494,494,39.7000007629395,228.550003051758,66.9000015258789,184.559997558594,534.289978027344,115.099998474121
"species",495,495,38.1399993896484,229.410003662109,48.4199981689453,173.649993896484,569.22998046875,116.849998474121
"species",496,496,38.6100006103516,231.850006103516,54.0900001525879,179.139999389648,540.700012207031,113.919998168945
"species",497,497,36.9099998474121,221.220001220703,40.9300003051758,160.820007324219,583.510009765625,134.020004272461
"species",498,498,37.4500007629395,229.740005493164,45.4599990844727,171.539993286133,555.179992675781,117.51000213623
"species",499,499,37.0099983215332,226.410003662109,43.1399993896484,167.990005493164,557.630004882812,122.309997558594
"species",500,500,36.7700004577637,224.320007324219,40.4000015258789,162.509994506836,565.400024414062,129.289993286133
"species",501,501,34.7299995422363,234.350006103516,55.9700012207031,189.600006103516,556.650024414062,81.9599990844727
"species",502,502,38.6500015258789,251.160003662109,79.629997253418,214.190002441406,432.029998779297,69.75
"species",503,503,38.9799995422363,250.789993286133,79.2699966430664,213.320007324219,434.130004882812,71.2900009155273
"species",504,504,39.0499992370605,249.949996948242,76,209.839996337891,450.339996337891,73.6999969482422
"species",505,505,36.1500015258789,252.770004272461,73.3499984741211,214.169998168945,433.829986572266,66.620002746582
"species",506,506,32.6500015258789,227.899993896484,36.2299995422363,170.679992675781,629.02001953125,94.2900009155273
"species",507,507,35.0400009155273,240.729995727539,57.0900001525879,194.279998779297,526.549987792969,79.2099990844727
"species",508,508,37.9700012207031,255.110000610352,76.0599975585938,214.899993896484,420.75,67.5500030517578
"species",509,509,32.560001373291,231.199996948242,40.310001373291,177,599.960021972656,88.5
"species",510,510,36.8499984741211,253.630004882812,69.7399978637695,210.429992675781,435.329986572266,68.6699981689453
"species",511,511,37.2900009155273,254.360000610352,69.0699996948242,209.529998779297,437.350006103516,69.5699996948242
"species",512,512,35.5800018310547,256.609985351562,68.4300003051758,213.639999389648,406.160003662109,64.8600006103516
"species",513,513,33.1300010681152,239.589996337891,45.810001373291,187.240005493164,512.950012207031,83.7600021362305
"species",514,514,36.6399993896484,257.809997558594,67.3199996948242,211.279998779297,407.709991455078,65.7300033569336
"species",515,515,35.6300010681152,262.089996337891,78.4499969482422,222.100006103516,365.989990234375,58.5200004577637
"species",516,516,35.4500007629395,259.279998779297,70.0800018310547,216.899993896484,384.059997558594,61.810001373291
"species",517,517,33.6100006103516,245.720001220703,50.189998626709,194.279998779297,463.940002441406,76.8600006103516
"species",518,518,36.0299987792969,257.320007324219,63.0999984741211,208.679992675781,405,66.379997253418
"species",519,519,33.7599983215332,248.369995117188,49.3400001525879,195.330001831055,443.209991455078,74.8199996948242
"species",520,520,34.5999984741211,261.519989013672,69.8099975585938,213.240005493164,360.690002441406,61.2999992370605
"species",521,521,33.560001373291,254,58,199.300003051758,406.220001220703,70.3399963378906
"species",522,522,34.0699996948242,256.399993896484,61.1500015258789,203.149993896484,388.820007324219,67.5800018310547
"species",523,523,35.2900009155273,267.339996337891,75.4899978637695,220.770004272461,321.779998779297,55.4700012207031
"species",524,524,33.5800018310547,255.470001220703,54.7700004577637,197.130004882812,397.589996337891,71.1699981689453
"species",525,525,40.9799995422363,257.320007324219,77.9700012207031,211.369995117188,440.179992675781,77.2300033569336
"species",526,526,39.3899993896484,252.990005493164,56.9199981689453,190.949996948242,513.580017089844,92.3899993896484
"species",527,527,38.2700004577637,244.949996948242,47.9900016784668,181.210006713867,532.52001953125,100.309997558594
"species",528,528,39.939998626709,260.239990234375,71.5999984741211,208.75,442.459991455078,74.9599990844727
"species",529,529,38.9500007629395,254,53.1100006103516,190.110000610352,503.209991455078,90.2399978637695
"species",530,530,38.2000007629395,248.619995117188,47.9599990844727,183.410003662109,513.099975585938,95.9899978637695
"species",531,531,38.9700012207031,258.130004882812,54.3199996948242,193.160003662109,477.970001220703,85.0599975585938
"species",532,532,39.8600006103516,269.010009765625,69.9000015258789,212.880004882812,371.089996337891,64.0800018310547
"species",533,533,38.939998626709,265.380004882812,59.2200012207031,201.690002441406,406.670013427734,73.4899978637695
"species",534,534,38.5900001525879,266.109985351562,58.3400001525879,202.509994506836,400.119995117188,70.8000030517578
"species",535,535,38.0499992370605,243.050003051758,57.2900009155273,190.339996337891,543.820007324219,88.2099990844727
"species",536,536,37.3899993896484,239.330001831055,50.3499984741211,182.759994506836,574.549987792969,94.4599990844727
"species",537,537,39.7799987792969,250.759994506836,63.7200012207031,197.759994506836,510.980010986328,85.75
"species",538,538,36.8699989318848,246.070007324219,52.9900016784668,190.100006103516,530.159973144531,85.370002746582
"species",539,539,37.6699981689453,249.710006713867,54.9599990844727,192.479995727539,518.380004882812,84.4100036621094
"species",540,540,38.8400001525879,255.330001831055,60.0400009155273,198.350006103516,493.549987792969,81.2699966430664
"species",541,541,37.2099990844727,253.110000610352,64.2799987792969,204.5,459.019989013672,73.1600036621094
"species",542,542,38.3899993896484,257.170013427734,61.6599998474121,201.960006713867,467.480010986328,75.8899993896484
"species",543,543,38.1100006103516,255.460006713867,56.939998626709,196.649993896484,485.829986572266,80.2799987792969
"species",544,544,36.5499992370605,256.609985351562,63.3800010681152,207.070007324219,423.309997558594,68.8099975585938
"species",545,545,35.9500007629395,251.279998779297,49.9700012207031,192.339996337891,477.910003662109,80.1500015258789
"species",546,546,36.3199996948242,252.580001831055,48.439998626709,190.619995117188,480.279998779297,81.620002746582
"species",547,547,37.6699981689453,259.559997558594,55.939998626709,199.050003051758,445.679992675781,74.9100036621094
"species",548,548,36.3499984741211,257.760009765625,58.3800010681152,203.529998779297,420.890014648438,69.8300018310547
"species",549,549,36.7000007629395,258.260009765625,56.3600006103516,201.149993896484,427.070007324219,71.5699996948242
"species",550,550,37.0499992370605,259.850006103516,55.7799987792969,200.490005493164,426.170013427734,72.0199966430664
"species",551,551,38.8899993896484,271.739990234375,71.1600036621094,215.809997558594,319.070007324219,57.7000007629395
"species",552,552,38.5299987792969,276.049987792969,67.379997253418,210,284.630004882812,57.2799987792969
"species",553,553,38.4199981689453,275.519989013672,59.4799995422363,204.160003662109,295.989990234375,61.0400009155273
"species",554,554,37.7599983215332,275,60.7200012207031,204.649993896484,291.459991455078,59.8499984741211
"species",555,555,38.6199989318848,277.380004882812,65.5500030517578,208.440002441406,269.829986572266,57.1199989318848
"species",556,556,39.1800003051758,250.210006713867,58.6399993896484,192.660003662109,472.130004882812,91.4800033569336
"species",557,557,38.0499992370605,241.860000610352,50.4900016784668,182.130004882812,497.809997558594,101.830001831055
"species",558,558,36.9500007629395,234.820007324219,44.0900001525879,173.389999389648,515.239990234375,111.430000305176
"species",559,559,39.5499992370605,257.459991455078,63.4799995422363,200.619995117188,432.100006103516,81.370002746582
"species",560,560,38.0699996948242,245.929992675781,53.1500015258789,185.970001220703,451.929992675781,97.0899963378906
"species",561,561,38.1100006103516,258.579986572266,50.1300010681152,190,417.339996337891,84.7099990844727
"species",562,562,38.6300010681152,260.890014648438,58.3300018310547,197.580001831055,381.779998779297,78.9300003051758
"species",563,563,39.4799995422363,269.260009765625,70.4700012207031,213.830001831055,336.559997558594,62.3400001525879
"species",564,564,38.5999984741211,263.910003662109,55.1100006103516,197.029998779297,378.970001220703,76.6500015258789
"species",565,565,38,259.239990234375,46.4900016784668,186.610000610352,403.589996337891,86.4400024414062
"species",566,566,37.4000015258789,261.119995117188,18.3700008392334,153.720001220703,392.980010986328,117.98999786377
"species",567,567,38.9500007629395,271.760009765625,69,212.710006713867,311.720001220703,60.1399993896484
"species",568,568,38.2000007629395,265.970001220703,55.2299995422363,191.869995117188,350.540008544922,78.3899993896484
"species",569,569,37.8699989318848,262.089996337891,48.4599990844727,183.470001220703,369.799987792969,87.4100036621094
"species",570,570,38.7099990844727,272.549987792969,58.3400001525879,204.639999389648,321.839996337891,64.1500015258789
"species",571,571,38.4500007629395,271.290008544922,55.4599990844727,198.529998779297,328.329986572266,69.4300003051758
"species",572,572,37.9700012207031,265.649993896484,47.3699989318848,184,359.100006103516,83.8199996948242
"species",573,573,37.9099998474121,272.679992675781,44.7700004577637,188.600006103516,329.75,73.9199981689453
"species",574,574,37.9700012207031,270.559997558594,43.4900016784668,182.279998779297,338,80.870002746582
"species",575,575,38.2599983215332,277.140014648438,57.1300010681152,199.779998779297,287.5,62.7299995422363
"species",576,576,38.3499984741211,276.140014648438,49.2799987792969,190.270004272461,301.670013427734,70.9100036621094
"species",577,577,37.5400009155273,265.75,27.6900005340576,165.210006713867,362.769989013672,101.569999694824
"species",578,578,38.8400001525879,278.049987792969,47.689998626709,189.520004272461,271.309997558594,70.9100036621094
